   3.7098494e+00   2.2183168e+00
   1.3803327e+00  -5.4695729e-01
   3.1541099e+00  -1.0412113e+00
   2.1429400e+00   1.7781554e+00
   1.3055607e-01  -2.1491539e+00
   2.3792998e+00   1.9843210e+00
   1.4410078e+00   1.2612806e+00
   2.8788478e-01   4.0295464e+00
   3.4353845e-01   2.2543873e+00
  -3.2034804e-01   1.4950028e+00
   5.5911965e-01   3.0695842e-01
   2.7732173e+00   2.2527071e+00
   1.5086545e+00  -2.3441614e+00
   3.1275876e+00   1.4918837e+00
   9.2888829e-01  -4.8839391e-01
   2.5638125e+00   9.1838243e-01
  -5.7203194e-01  -5.7005145e-01
   1.1251401e+00  -7.3152112e-01
   1.7792112e+00   1.7331670e+00
   2.0443756e+00   3.4300301e+00
   4.1590884e+00   2.2232860e+00
   3.5625157e+00   2.5801079e+00
   5.5276057e-01   8.0846011e-01
   2.3841061e+00  -4.8357276e-01
   2.0839805e+00  -2.2072266e+00
   2.3452437e+00  -4.3888267e-01
   1.5863482e+00  -1.0647788e+00
   4.3883656e+00  -2.5679585e+00
  -1.5006448e-01  -2.0654469e+00
   1.5840940e+00   1.9292758e+00
   3.3980302e+00  -1.2926341e+00
   4.2414087e-01   2.0351680e+00
   2.1415242e+00   1.7318581e+00
   2.6009949e+00  -4.7367154e-01
   1.6077155e+00   3.5264079e+00
  -1.4557596e+00   1.9998511e+00
  -5.2135877e-01   2.1287242e+00
   4.9840490e+00   1.6058023e+00
   2.2937739e+00   1.6582345e+00
  -4.0842759e-02  -1.1774204e-01
   1.7233653e+00   2.7473973e+00
  -1.7944677e-01   3.5594412e-02
   6.7133934e-01   1.3395623e+00
   2.0948933e+00   1.3291415e+00
   3.8855771e-01   3.4570134e-01
  -8.6191816e-02   3.7073454e+00
   1.2269257e+00   1.8769172e+00
  -3.4697506e-01   2.2174180e+00
   2.6100408e-01   8.1688952e-01
   2.7178951e+00  -1.1610097e+00
   1.1061379e+00  -2.3296795e+00
  -1.0776552e+00   1.1080434e+00
   3.1444152e+00   2.4867556e+00
   1.3538663e+00  -7.6886197e-02
  -2.0523220e-01  -1.0863021e+00
   1.9296244e+00   2.2879855e+00
   4.2671609e+00   4.5107882e+00
   1.5595417e+00   4.4664086e+00
   2.1767291e+00   1.1058722e+00
   1.5262775e+00   2.8515919e+00
   2.2554982e-01   7.9775024e-01
   3.4055499e+00  -3.5001284e+00
   2.3314679e+00   8.4440169e-01
   2.4107171e+00   1.2591689e+00
   1.4991020e-01   4.3015208e-01
  -4.1725015e-01  -1.8224439e+00
   8.4552438e-01  -1.9935797e+00
   1.1880977e+00   6.1534693e-01
   2.0860765e+00   3.6500257e+00
   1.8672092e+00  -1.4082180e+00
   1.2446694e+00   3.7599843e+00
   4.6901755e-01  -1.2885418e+00
   4.1501270e+00   3.3113308e+00
  -3.6636049e-01   1.4227686e+00
   2.6116266e+00  -9.7912408e-01
   1.9239733e+00   6.3434262e-01
   4.0549562e+00   9.8235572e-01
   6.9268656e-01   2.9038924e+00
   1.2620564e+00  -3.0721569e+00
  -3.1529827e-01  -2.3254141e-01
   2.0802769e+00   9.0675964e-02
   1.3257684e+00   8.4900908e-01
   1.3506239e+00  -2.2310634e+00
   5.1525897e-01   9.2517658e-01
  -3.9499233e-01   8.5962165e-01
   3.2936912e+00  -1.6739205e+00
  -4.0951719e-01  -1.1111756e-01
   9.0217302e-01   1.0983460e+00
   8.2790847e-01  -4.1523233e-01
  -1.6054423e+00  -4.1946099e+00
   3.6989578e+00   3.9129297e-01
   1.0285519e+00   7.7841892e-01
   6.0766884e-01   1.4079840e+00
  -1.5224230e+00  -1.5612095e+00
   7.2498968e-01  -2.4307381e-01
   2.5654225e-01   4.4454352e-01
   3.2572202e+00   2.0168406e+00
   1.6863391e+00   1.6538802e+00
   2.1496822e+00  -3.7685432e+00
  -1.2986777e+00   6.9051463e-01
   1.1806928e+00   8.1530125e-01
   1.0777459e-01  -3.6303471e+00
   3.3848355e+00  -1.6270704e+00
   9.2869896e-01  -9.6478762e-01
   1.3380685e+00  -1.0978640e+00
   1.9568045e+00  -2.1009022e-01
  -6.8673307e-02  -1.9081580e+00
   2.0225370e+00   1.4822484e+00
   2.1413954e+00   1.9644103e+00
  -1.0358011e+00  -1.3264153e+00
   1.4859704e-01  -9.5231894e-01
  -8.0514301e-02   1.2996316e+00
   3.2354731e+00  -9.9358540e-01
   1.6414299e+00   1.5307049e+00
   1.9281217e+00  -5.8118706e-01
   3.1118629e+00   1.9601108e+00
   2.2441125e+00   9.6483194e-01
  -4.5798538e-01  -1.3189302e+00
   4.6058992e+00   7.2199664e-01
   1.3073071e+00   3.0364520e+00
  -5.5930408e-01  -3.0925537e+00
   9.3182977e-01  -1.6256229e+00
  -1.2596618e+00   7.2064306e-01
   1.9581730e+00   5.2330608e+00
   3.6109841e+00   5.5535439e-01
   2.7403074e+00  -6.1454394e-01
   2.1560000e+00  -4.4017698e-02
   1.2677839e+00   2.5662242e+00
   1.7135876e+00  -3.9095615e+00
   1.5343500e+00  -2.0730350e+00
   1.3395001e+00   1.7944983e+00
  -7.0723153e-02   3.2296024e-01
   8.7987711e-01   1.6981024e+00
   1.5542506e+00  -1.8654716e-01
   2.3682889e+00   2.6940062e-02
   4.8800415e+00   7.7028276e-01
   1.1609499e+00  -7.3954302e-01
   2.0568907e+00  -5.8000300e-01
   7.0026777e-02   9.9786100e-01
   1.7601129e+00   4.4598548e-01
   2.1750318e+00   8.6089838e-01
   1.1250454e+00   2.6829417e-02
   4.3147582e+00   3.1796471e+00
   1.7711336e+00  -7.5138483e-01
   4.0692420e+00   1.2103578e+00
   2.5718399e+00  -2.0074794e+00
   2.0825000e-01   1.2283169e-01
   2.5981672e+00  -3.1384409e+00
   1.4551203e+00   1.1810769e+00
   1.2772755e+00  -2.9032477e-01
   1.3533837e+00   2.7370478e+00
   3.1944106e+00   2.5698302e+00
   4.4201407e+00   4.5816727e+00
   1.4903427e+00   8.1698143e-01
   3.8474001e+00  -7.9180276e-01
   3.5511647e-01  -1.4781078e+00
   1.4613484e+00   2.0470598e+00
   9.3933917e-01  -1.6561075e+00
   3.1702455e+00   5.4513555e+00
   1.8410615e+00  -1.5998082e+00
   1.5391411e+00   5.5719201e-02
   1.2386280e+00  -6.3523032e-01
   1.4041720e+00   3.3284595e+00
  -1.5900286e+00  -1.8834629e+00
   3.9766798e+00   1.1417438e+00
   1.6967359e+00   3.9958470e-01
   1.2869112e+00   1.7640330e+00
   3.1234823e+00  -6.0499777e-02
   6.7886782e-01  -3.0180692e-02
   4.9649271e-01   1.0417354e+00
   3.0434967e+00   3.1921276e+00
   1.1735826e+00   1.5480103e+00
  -1.5103475e+00   4.5262997e-02
   2.2264371e+00   2.2238770e+00
   1.2949583e+00   1.0824051e+00
   2.6534123e+00  -9.4641673e-01
   3.2123310e+00   2.2281090e+00
   1.3995118e+00  -9.6270939e-01
   4.7598933e+00   1.0435207e+00
   1.5879966e+00  -9.1701247e-01
   2.1256366e+00   3.3326761e-02
   1.2435764e+00   2.0864844e-02
   2.6089765e+00   1.4574387e+00
  -2.1686129e-01   4.9145102e-02
   2.3672688e+00  -9.1163025e-01
   1.7036186e+00   2.0453159e+00
   2.9224575e+00  -2.0734020e+00
   4.2183024e+00   3.8496599e-01
   6.0215228e-01   1.0383361e+00
   1.6953340e+00  -3.9596435e-01
   1.6947888e+00  -1.3049673e+00
   1.2675185e+00  -9.1107829e-01
  -4.0480391e-02  -6.9339064e-01
   2.6081384e+00   8.7081333e-01
   1.1385399e+00   3.2812130e-01
   2.1339224e+00   4.5997571e-01
   2.3655027e+00  -1.3967957e+00
   1.2229144e+00   3.8116064e-01
   1.9859550e-01  -2.1350356e+00
   8.4812719e-01   8.7997526e-02
   1.0016289e+00  -1.8216701e-01
   2.3932029e+00  -2.5978682e+00
   1.3797490e+00   2.4724246e+00
   1.8671157e+00   1.2243037e+00
   3.3466475e+00   2.3060173e+00
  -1.2496382e-01   9.5856443e-01
   2.0624342e+00   1.3374336e+00
   6.7277020e-01   1.3165190e+00
   2.2805335e+00   1.6977289e+00
   3.0195268e+00   4.3690978e-01
   5.7158669e-01  -2.9889285e+00
   2.9924186e+00   1.1816477e+00
   1.1502231e+00  -4.0781404e-01
   1.1754246e+00   1.9133190e+00
   9.0602264e-01  -4.4696769e-01
  -4.6055887e-02  -1.1154651e+00
   2.2179801e+00   4.1274678e-01
   2.7031150e+00   2.1787363e+00
   1.0168738e+00  -2.4175387e+00
   2.5724092e+00   1.0614756e+00
   3.5145697e+00  -6.6203051e-01
   2.4687975e-01   1.1371874e-01
  -3.6541719e-01  -2.6151313e+00
   1.9345761e+00   2.4126672e+00
   7.0949568e-01  -1.1945286e+00
   2.3698617e+00   2.1280627e+00
   6.1539855e+00   8.6134180e-01
   1.6781678e+00   2.6517171e+00
   3.0757153e+00   1.5088462e+00
   1.3721138e+00   1.0338310e+00
   2.3681513e+00   9.5548416e-01
   5.0104052e-01   1.1026105e+00
   1.9665968e+00  -3.7236086e+00
   1.5645986e+00   4.9175507e-01
   1.9729260e+00   7.5863468e-01
   1.0594771e+00  -2.0658002e+00
  -7.4401889e-01   1.4832338e+00
  -7.3856088e-01  -4.2459865e+00
   8.1945967e-01  -3.1530242e-01
   2.2812811e+00  -4.9267986e-01
  -6.3013759e-01   1.5413045e+00
  -3.3532969e-01  -1.9901927e+00
   2.3487043e+00  -1.0825289e+00
   8.3611726e-01   8.3586773e-01
   2.0656665e+00   7.2712382e-01
   4.5736173e-01  -9.1430355e-02
   1.4686536e+00  -8.2257525e-01
   6.7247661e-01  -2.6493308e+00
   1.3075965e+00   2.9211309e+00
   2.9302374e+00   5.3492079e+00
   2.3680155e+00   2.8201728e+00
   1.4194080e+00  -7.7976495e-01
  -7.9057348e-01  -1.5958010e+00
  -9.1727537e-01   2.7189503e+00
  -1.6260194e+00  -5.9514223e-01
   8.8699668e-01   8.4359021e-02
   1.1376560e+00  -1.8267606e+00
   2.1600343e+00   1.2472323e+00
   5.2929111e-01  -1.5408062e+00
   5.5773435e+00   2.8895383e+00
   2.7491073e+00  -5.4094471e-01
   1.3999303e-01  -1.6180915e+00
   2.2409889e+00  -8.7850833e-01
   3.1409322e+00   1.5483808e+00
   1.1856858e+00   6.9474096e-01
  -6.3575581e-01  -8.2914680e-01
   2.4143977e-01  -2.7944157e+00
   1.2469439e+00   1.5686288e+00
   1.8570105e+00  -4.1814096e-01
   2.8578472e+00   1.6430043e+00
   2.6224743e+00  -2.9576810e+00
   1.4776499e+00  -4.4210622e-01
   1.1374938e+00   1.0728825e+00
   1.6483720e+00  -3.3463694e+00
   7.0620980e-01  -1.4527591e+00
   3.1821593e-01   2.5736350e+00
   1.4930616e+00   6.0434113e-01
   3.1093944e+00   3.3586500e+00
   2.5991092e+00   1.6086148e-01
  -6.4204267e-01  -3.8970435e+00
   2.2795602e+00   3.7296569e+00
   1.6860915e+00  -3.0597735e+00
   2.4446089e+00   8.5796147e-01
   1.1252822e+00  -5.0862705e-01
   2.1890233e+00   8.7621151e-01
   2.6928838e+00  -1.9924776e-01
   1.5090530e+00   9.0565619e-02
   1.1259121e+00   1.1836867e+00
   6.3692516e-01  -2.3248392e-01
   1.4456455e+00   1.4075062e-01
   1.1529748e+00   1.7245574e-01
   2.9847022e+00   2.7588123e+00
   1.6261121e+00   5.1998793e-01
  -3.3114780e-01  -6.1207169e-01
   2.3668162e+00  -2.7701842e+00
   4.0242283e-01   4.1783031e-01
   3.3805402e+00   3.4710134e+00
   2.6209066e+00   5.7779303e-01
  -2.3432071e-01  -5.7923994e-01
   4.3080727e+00   1.0564387e-01
  -3.0434169e-02  -5.4867130e-01
   1.3845842e+00  -4.7511211e-01
  -4.8024671e-02  -1.4795335e+00
   3.0899580e+00  -3.1196178e+00
   2.2974867e+00  -2.0127767e-01
   2.2397133e-01   2.6183217e+00
   2.6881264e+00   5.3445697e-01
   3.6332131e+00   3.8672012e-01
   1.3309503e+00  -5.0918144e-01
   2.1119857e+00  -2.0982894e-01
   2.7692530e+00  -1.8223082e+00
   2.9059177e+00  -2.2862906e+00
   2.8199433e+00  -2.7026320e+00
   4.3060605e+00   6.2373635e-01
   6.7302667e-01   1.3486415e+00
   6.0269364e-01  -2.0525552e+00
   1.8725833e+00   2.0927270e+00
   2.6823001e+00   8.5789088e-01
  -1.1697064e+00   1.5821476e+00
   7.2497344e-01  -2.6796693e+00
   2.3720508e+00   2.8030104e-01
   3.7768777e+00  -2.2478524e+00
  -1.7624679e-03   4.9899416e-01
   3.2962754e+00  -1.0885801e+00
   1.6748392e+00   1.3583010e+00
   2.2466046e+00  -1.0154198e+00
   2.0248665e+00   1.7934031e+00
   3.2780816e+00   2.5112723e+00
   7.7721767e-01   1.8097273e+00
   2.0967522e+00  -3.4970436e+00
  -1.2173249e+00   1.1901829e+00
   1.4474250e+00   2.9567429e+00
  -4.2250559e-02   1.1212281e+00
  -5.2404800e-01   5.0044951e-01
   3.7930150e+00   3.3725673e+00
   1.6314860e+00  -2.8812630e+00
   1.1476207e+00   8.6472001e-01
   1.8702313e+00  -5.4413760e-02
   7.6993530e-01  -1.2076663e+00
  -9.8288735e-01  -7.0809075e-01
   1.4984777e+00  -1.5963720e+00
   4.3598749e-01  -5.0457964e-01
   5.7505084e-01   1.6911000e+00
   2.1380932e+00  -1.3766295e-01
   6.6219291e-01   1.1435172e+00
   1.4554315e+00   1.6320497e+00
   3.0665054e+00  -3.2265805e+00
   1.3774203e+00   1.9056056e+00
   2.4533461e+00   4.1666763e+00
   1.0284266e+00  -2.6587568e+00
   2.5753534e+00  -1.3520037e+00
  -4.3738636e-03  -2.4070586e+00
   1.0445135e+00   8.4833600e-01
   8.4329172e-01   1.6095530e+00
   1.3031826e+00   1.1783005e+00
   1.6365777e+00  -1.4252761e+00
   1.1714208e+00   2.0333500e+00
   2.0737045e+00  -1.6114802e+00
   1.6803088e+00  -4.6732780e-01
   7.6145990e-02  -3.2418262e+00
  -2.1855225e-02   2.1034951e+00
   1.3641385e+00  -6.3434996e-01
   2.6812854e+00   1.3783588e+00
   2.7976386e+00   3.6521563e+00
   2.6319191e+00   1.4079192e+00
   2.4655757e+00  -4.1950956e-01
   8.8805225e-01  -3.3350174e-01
   2.8268342e+00  -2.2404353e-01
   4.0143414e+00  -1.2822039e+00
   2.7547270e+00   2.9746998e+00
   1.6363573e+00  -2.0682777e+00
   1.5595832e+00  -7.2406469e-01
   2.5942832e+00   2.6812680e+00
   4.7805697e+00  -5.4071390e-01
   6.3049061e-01   2.4765504e+00
  -5.6379172e-01   1.7853343e+00
  -5.8546410e-01  -3.0058491e+00
   6.5865816e-01   2.2279068e+00
   2.4122938e+00   5.0701569e-02
   3.9931241e+00  -8.1291240e-01
   5.0586776e-01   1.4065060e+00
   2.6182824e+00   2.2689659e+00
   3.0741093e+00   8.9709558e-01
   2.7995653e+00   3.4271832e+00
   2.3593408e+00   1.0038979e+00
  -2.6725778e-01   1.4450256e+00
   2.6981576e+00   1.6027120e+00
   1.6723283e-01  -1.1422755e+00
   4.4297985e+00  -1.8543558e+00
   1.6563471e+00   2.3734008e+00
   2.0954540e-01   1.9437810e+00
   4.9042222e+00   3.1413406e+00
   1.2234159e+00   2.0236675e-01
   4.9663146e-01  -2.2151990e+00
  -9.2534935e-01   4.1677427e-03
   1.7337745e+00   1.6944652e+00
   1.3848716e+00   1.1440329e+00
   2.4426308e+00  -1.2602578e-01
   1.3210125e+00  -1.1632701e+00
  -2.7175513e+00  -3.9049918e+00
   2.6214011e+00   1.7325759e+00
   2.3247459e-01  -8.6298841e-01
   3.2910264e-01   2.8601417e+00
   1.0192169e+00  -4.2254126e-01
   1.0508063e+00   1.3166502e+00
   8.4092105e-01   2.9178848e+00
   2.9798564e+00   3.5617597e-01
  -1.8543295e-01  -3.3816525e+00
   2.0478467e+00   7.2814936e-01
   1.9737383e+00   1.9463697e+00
  -6.4423269e-01  -3.1182260e+00
   1.0539367e+00   2.8784684e+00
   1.4524422e+00  -1.5824704e+00
   1.0293383e+00  -5.2425813e-02
   1.3152061e+00  -2.0300338e-01
   2.2216140e+00  -2.7783507e-02
   3.9835737e+00   3.0712895e+00
   1.3346532e-01  -8.1125564e-01
  -1.3901584e+00  -9.1654524e-01
   2.3336037e+00  -8.8393889e-02
  -8.6322730e-01  -1.5951555e+00
   2.9352571e+00  -8.6454543e-01
   2.6112270e+00  -6.9129574e-01
   1.7348309e+00  -6.8146410e-01
  -8.1013414e-01  -2.0381175e+00
  -1.2326384e+00  -1.6633425e-01
   7.2552021e-01  -6.1331981e-01
   3.4942139e+00  -6.9722616e-01
   1.8758525e+00  -1.0029851e+00
   2.7155396e+00   3.5448292e+00
   1.4205203e+00  -1.5279737e+00
   2.9995011e-01  -9.4467033e-01
   3.5755701e+00  -3.8825719e+00
   2.4057136e+00   5.1294446e-01
   1.8847264e+00  -3.0486618e+00
   2.3418111e+00  -6.8802439e-01
   3.0876371e+00  -9.4104343e-01
   2.0243216e+00   6.5093091e-01
   3.0895768e+00  -9.4955428e-01
   1.0384859e+00   2.4717254e+00
   1.8245789e+00  -7.1728443e-03
   2.0527075e+00   3.1327223e+00
   1.0252484e+00  -2.0105188e+00
  -2.1471878e-02  -1.9253109e+00
  -3.2941750e-01   1.7904080e-01
   1.2066044e-01   1.3005704e+00
   7.5923250e-04   1.6721830e+00
   2.9786475e+00  -1.6544907e+00
  -1.6896225e+00   2.9704448e+00
   1.5251755e+00  -1.6752646e+00
   5.3145327e-01   4.0047988e-01
  -9.2323147e-01  -1.5080345e+00
   1.6509823e+00  -3.8499785e-01
   5.0328092e-02   5.0398174e-01
   7.6772311e-01   1.4968095e+00
   6.4870639e-01   5.4124766e-01
   1.2601039e+00   2.1186413e+00
  -1.6152017e+00   3.1713650e-01
   7.3315751e-01   1.2045237e+00
   4.4257106e+00   5.5109490e+00
   2.0128473e+00   2.3526603e+00
  -4.8409959e-01   5.0017433e-01
   6.5879029e-01  -4.1177425e-01
   3.8383135e-01   2.8226441e+00
   2.0349049e+00   8.4940112e-01
   2.2650503e+00  -1.0587080e+00
  -1.0249261e+00  -1.2299316e+00
   3.7511142e+00   9.2247265e-01
   1.9080984e+00   4.7055047e-01
   5.0449853e-01   8.8206675e-01
   3.7265783e+00   4.2033896e+00
   1.6246613e+00   4.8183455e-01
   1.4848379e+00  -1.7698638e-02
   3.0124448e+00   9.0659043e-01
   1.1903299e+00  -3.9545829e+00
   1.9132420e+00  -3.4905892e-01
   2.5306551e+00   2.3629438e+00
   1.0889283e-01  -1.2725288e+00
   2.5789475e-01   1.6083895e+00
   1.4202353e+00   1.4065671e+00
   2.2763196e+00   3.0937150e+00
   2.0388182e+00  -1.7536705e+00
   2.3088612e+00  -1.3298455e-01
   1.1152071e+00   1.2485796e+00
  -3.8988367e-02  -2.2123671e-01
   2.7656193e+00   1.5917379e+00
   1.7174709e+00  -3.0372645e-01
  -1.0014178e+00  -2.7701040e+00
   2.8301463e+00   2.4417927e-02
   2.1924080e+00  -3.8839968e+00
   2.7898731e+00  -1.3887879e+00
   1.4638555e+00   1.7770590e+00
   1.0100607e+00  -1.1478950e+00
   3.1657377e-01   1.4504879e+00
   9.3779008e-01   2.9849314e+00
   6.4003104e-01   1.0565168e+00
   1.5594922e+00   4.0861472e+00
   2.6823461e+00   4.4483628e+00
   1.8314739e+00  -2.5186843e+00
   2.1229579e+00   3.7875543e+00
   2.3649225e+00   7.6034636e-01
   7.4308277e-01   5.7387700e-01
   3.6944128e+00   2.1987685e+00
   1.7598244e+00  -4.2516890e-01
   1.9686559e+00  -9.2577334e-02
   1.1968669e-01  -7.6685987e-01
   1.7499589e+00   1.3502544e+00
   5.5047592e-01   2.8801231e+00
   1.5717905e+00   8.3916080e-01
   1.8887467e-01   1.4130000e+00
   1.6683006e+00   1.4299073e+00
   2.0804984e+00   6.3870380e-01
   2.9941903e+00   3.9168879e+00
   1.9202678e+00   1.5611828e+00
   1.7044000e+00   6.7692871e-01
   3.9764426e-01  -3.0647239e+00
   4.2926092e-01   3.8287082e-01
   1.8883871e+00   3.5509638e+00
  -3.4909350e-01  -1.5530092e+00
   3.6532252e+00   3.0073075e-01
   5.0382400e-01   1.5568504e+00
   1.1021859e+00  -5.9062267e-01
  -9.4841838e-01  -2.0381488e+00
   4.5525251e-01   3.4182058e+00
   2.9970638e+00   1.8809024e+00
   1.3428224e+00   7.4643455e-01
   2.0538920e+00  -5.8989836e-01
   1.8052841e+00   2.3866942e+00
   5.3061139e-01  -5.6232978e-01
   8.6538617e-01  -7.7487980e-01
   2.7838089e+00   7.1859664e-01
   1.4600664e+00   1.7068207e+00
  -5.8133684e-01  -1.5519921e+00
   1.1639132e+00   3.7847605e+00
   7.9971604e-01  -1.0281997e+00
   2.6665251e+00  -3.5017355e-01
   8.3704124e-01  -6.3527513e-01
   1.6164722e+00   2.9170365e+00
   2.7667675e+00  -4.1010322e-01
   8.5490925e-01  -3.6230568e+00
   1.7903196e+00   6.5000707e-04
   1.1323830e+00  -1.4012931e-01
   4.7182383e-01  -3.0863940e+00
   3.1013703e+00   1.2562986e+00
   1.9373913e+00  -3.8150067e-01
   4.7664653e+00  -1.8048660e-01
  -1.3942968e+00  -2.9466145e+00
   3.6191992e+00   2.6128210e+00
   4.5711188e+00   2.6055583e+00
   1.8407085e+00   1.0111968e-02
  -3.1030131e-01  -2.4422213e-01
   3.8693746e-01   1.1097025e+00
   2.1911515e+00   7.1324868e-01
   2.7782020e+00  -2.9760976e+00
   1.0561805e+00  -1.1692240e+00
   8.9065145e-01   1.0937613e+00
   1.3695742e+00  -6.4857375e-01
   4.8202674e-01  -1.3304574e-03
   3.8379291e+00   3.1144617e+00
   1.8647487e+00   5.4685387e-01
   1.4010209e+00   2.7896370e+00
   1.2402131e+00   9.9168142e-01
  -9.7303250e-01  -9.8345880e-01
   1.0530522e+00   6.1881561e-01
   1.6559419e+00  -8.4380446e-01
  -8.1722564e-01  -3.2952882e+00
   1.9725962e+00   7.1624676e-02
  -5.3878598e-01  -4.0953907e+00
   2.3598623e+00  -3.1465571e-01
   2.4994838e+00  -2.4181599e+00
   2.2311982e+00   2.6714771e-01
   1.4098406e+00  -3.1468422e-01
   2.7315590e+00   2.9095570e+00
   8.3089299e-01  -2.5382134e+00
   2.3264683e+00   1.9193977e+00
   8.3252853e-01   2.1448063e+00
   2.5075794e+00   3.5244137e-01
   1.9472829e+00   4.1148863e-01
   1.7987655e+00   9.4709607e-01
   1.5623027e+00  -3.1812438e-01
   2.5132011e+00  -2.2100545e+00
   3.6633716e+00   9.0372931e-01
   7.2443066e-01  -2.6606095e+00
  -4.5440067e-01  -1.0933131e+00
   1.5291536e+00  -3.1788429e+00
   3.9671584e+00  -1.8696896e+00
   1.4694508e+00  -8.2113576e-01
   1.9912393e+00   5.0237718e+00
   2.3536548e+00  -7.1367331e-02
   2.3064305e+00   3.0863519e+00
   6.9592624e-01  -1.0045497e+00
   1.1196987e+00   2.1910578e+00
   8.3900983e-01   2.3875227e+00
   3.6873991e+00  -3.3892953e-01
   1.4965700e+00  -1.8171449e+00
   1.8011657e+00   5.6278959e-01
   1.8747532e+00   6.9462622e-01
   3.9491250e-01  -6.1391299e-01
   3.2681375e+00   4.1864281e-01
  -1.8695779e+00  -6.9861043e-01
   3.4026371e+00   2.0024672e+00
   8.3230671e-01  -7.3675147e-01
   1.8205912e+00   1.3660494e+00
   1.2900097e+00   4.7994705e-01
   1.4792332e+00   1.0511361e+00
   3.5854751e+00   3.0430607e+00
  -2.9287337e-01  -4.5105079e+00
   1.2675882e+00   3.8888722e+00
  -1.9727584e+00  -5.4479651e+00
   7.6297634e-01   4.5343628e+00
   1.7067835e+00   6.1752608e-02
   1.3675610e+00  -1.1711359e+00
   2.1587222e-01  -1.4647915e+00
  -1.7202208e-01  -4.4306829e+00
   1.1927671e+00   3.5047666e+00
   2.9825967e+00   4.2229968e+00
   2.3794012e-01  -1.1887891e+00
   3.9304557e+00   8.2285810e-01
   2.5036171e+00  -1.8888659e+00
  -1.5707511e-02  -3.8843903e+00
   1.7321272e+00  -1.0748575e+00
   1.0441259e+00   1.1990197e-01
  -1.2120353e+00  -4.9803315e+00
   2.0710541e+00  -1.0648655e-01
   2.0606951e+00   1.2903478e+00
   2.3707433e+00  -1.8796368e+00
   8.4040552e-01   2.3761144e+00
   4.4226635e+00   3.8450142e+00
   2.2933752e+00  -1.4188325e+00
  -1.1969389e-01  -1.9829698e+00
   2.5592952e+00  -6.1521960e-02
   1.9106897e+00  -1.4890633e+00
   1.2316550e+00  -7.4469272e-01
  -5.0439359e-01   1.3292526e+00
   1.7800984e+00  -9.4549894e-01
   7.9580891e-01  -5.4475263e-01
  -1.0963046e+00  -2.6979641e+00
   4.0885923e+00   6.8494453e-01
  -4.9370761e-01  -9.6193667e-01
   5.0077380e-01   2.3712022e+00
   1.2079940e-01   1.4645851e+00
   3.6529821e+00  -1.3192908e+00
   3.5788892e+00  -4.2765497e-01
  -3.0130920e-01  -2.3029847e+00
   4.1872183e+00   2.0247897e+00
   4.7667813e-01  -9.3653489e-01
  -1.8697788e+00   1.0777398e+00
   2.2918589e+00  -2.6695178e-01
  -7.2109440e-01  -1.0098127e+00
  -8.4901398e-01  -4.3150893e+00
   1.0591153e+00  -1.7539027e+00
   3.9390101e+00  -2.8854817e+00
   7.3309382e-01   2.0806411e+00
   1.8253975e+00  -3.2591005e+00
   1.2736522e+00  -1.7024328e-01
  -2.9709110e-01   1.8671630e+00
   2.4784983e+00  -5.0397929e-01
   2.3797441e+00   1.8193489e+00
   1.4290952e+00   1.1024977e+00
   7.9669443e-02  -2.6792953e+00
   1.2341069e+00   2.0380644e-02
   2.5346225e+00  -1.7749309e+00
   3.4577045e+00   3.6580557e+00
   4.1251679e+00   2.1496187e+00
   1.6859644e+00   1.4695605e-01
  -8.8438146e-01  -5.0811354e+00
  -7.2875412e-01   2.2228519e-02
   8.9088130e-01   1.0453158e+00
   3.6755819e+00   2.4414334e+00
   3.9105916e+00   2.3185590e+00
   3.3095621e+00   1.7230553e+00
   2.5025646e+00   7.5174143e-01
   1.8885388e+00  -1.8130964e+00
   8.3308398e-01  -1.8535684e-01
   1.2950917e-01  -1.1154845e+00
   2.9446894e+00   2.0086934e+00
   1.7772927e+00  -1.1975936e+00
   1.9541826e+00   9.3973531e-01
   1.5611791e+00  -2.1783420e-03
   1.7969859e+00   3.8846334e-01
   7.6294020e-01   1.7285245e+00
   7.9771293e-01   2.7783941e+00
   8.4708178e-01   4.1396963e+00
  -2.6712460e+00  -1.4260461e-01
   7.9299955e-01  -1.6911746e-01
   3.7804804e+00   2.9546388e+00
   3.5436975e+00  -5.6217209e-02
  -7.1105751e-02   3.3406366e+00
   1.3516424e+00  -3.0005119e-01
  -1.9544488e+00  -2.2345041e+00
   2.7222693e+00  -1.0469560e+00
   2.9170607e+00  -1.9786352e+00
   1.4489580e-01  -4.3266764e-01
   3.0039080e+00  -1.6418176e+00
   2.5574149e-01   3.0876037e-01
   1.4682986e+00  -3.9493706e-02
   2.2938351e+00  -5.5179005e-01
   6.1810895e-01   2.2178469e-01
   1.6361558e+00   8.1402719e-02
   2.2258045e+00  -2.9381962e+00
  -1.1410273e+00  -3.6925685e-01
   2.9473361e+00   3.5631874e-01
   1.5591870e+00   2.3631026e+00
   4.2281344e+00   1.2792960e+00
   4.4924938e+00   3.5664424e+00
   3.1742996e+00  -2.8904361e+00
   2.6262253e-01  -3.8525939e+00
   1.9002641e+00   2.2325460e+00
   2.0152089e+00   2.1821089e+00
   1.8733563e+00   1.6748047e+00
   8.2733662e-01  -3.0021494e+00
   4.3482513e-02   4.2540524e+00
   1.5520625e+00   1.3752370e+00
   2.4908402e+00  -8.5350441e-01
   9.4717187e-01  -2.5049803e+00
   6.1170349e-01   2.1216844e+00
   2.4748779e-01  -2.5248900e+00
   1.5733871e+00   1.8283161e+00
   2.8017006e+00  -9.3054961e-01
   3.3823456e+00   3.5885584e+00
  -2.0626943e-01  -9.2284384e-01
   3.4578481e-01   1.6447896e+00
   3.6203493e+00  -8.5939137e-01
  -4.0576057e-01   9.1168804e-01
   6.5169016e-01  -9.8995438e-01
   7.2248213e-01  -1.2949923e+00
   1.9987708e+00   2.2112615e+00
  -1.8338953e+00  -8.9423992e-01
   5.2976700e-01  -3.5427034e-01
   2.0412012e-01  -6.3507350e-01
   3.1389036e+00   4.1891310e+00
   1.1318561e+00   1.2003988e+00
   1.7795432e+00   6.6558507e-01
  -6.5269955e-01  -1.8494104e+00
   1.5083998e+00   1.0275541e+00
   6.4765293e-01  -1.2384674e+00
   1.2690943e+00   2.0888593e-01
  -1.6282723e+00  -5.3420474e-01
   2.6186856e+00   6.7370207e-01
   2.8323993e+00   2.5239157e-01
   1.8938255e+00   1.5111064e+00
   1.0651427e+00  -2.4328350e-01
   3.0674183e+00  -9.6989653e-01
  -1.8244993e-01   1.5229858e+00
   2.0363779e-01  -2.3623960e+00
   8.4703835e-01   2.4284280e+00
  -9.8113087e-01  -6.1665425e-01
  -3.4065937e-01  -2.7313812e+00
  -1.6535029e+00  -3.3700655e+00
   2.2073157e+00   3.7262240e+00
   1.8763234e+00   1.8324671e+00
   3.0584628e-01   3.6763284e-01
   1.9839868e+00   1.2581285e+00
  -2.0503759e+00  -2.4756173e+00
   5.4494163e-01   4.0207711e-01
   2.7149128e+00   1.3743415e+00
   2.2824328e+00  -1.1057082e+00
  -1.5993768e+00  -2.3161644e+00
   3.7438426e+00   4.3496871e+00
   1.6286226e+00  -1.5380082e+00
   1.7127935e+00   2.0786558e+00
  -5.2550937e-01   3.6048703e-01
   1.1882519e+00   5.0113673e-01
   9.7960019e-02  -2.4365199e+00
   8.4892911e-01  -1.4643053e+00
   2.4788517e+00   2.7347529e+00
   1.5593217e+00   7.6362686e-01
   1.4191268e+00  -2.4452524e+00
   3.3622275e+00   5.7410682e-01
   3.8105483e-02  -2.8300744e+00
   2.3384858e+00   1.3488582e+00
   4.4428679e+00   4.2945662e+00
   1.1962809e+00   1.2014591e+00
   8.1552381e-01  -2.0364852e-01
   5.3042139e-01   2.9033783e+00
   2.7717165e+00   2.3678048e+00
   2.7579040e+00   2.9287511e-01
   3.7329306e+00   2.1643590e+00
   5.5400413e-01   5.2974075e-01
   4.4371671e+00   2.8933841e+00
   2.4712098e+00   7.0806167e-01
   2.4343007e+00   2.4471775e+00
   2.7421023e+00   1.2892941e+00
   4.9943267e-02   2.7165671e+00
  -5.2593084e-01   7.8111206e-02
   3.1281019e+00  -3.1503156e+00
   1.3531067e+00   2.0890917e+00
   4.5687042e+00   3.2108439e-01
   2.5045305e+00   3.0312399e+00
   1.1477406e-01  -1.7654111e+00
   1.9606960e+00   1.5068482e+00
   1.8159434e+00   3.8530026e-01
   1.4029013e+00  -2.3295872e+00
   9.3743895e-02   6.8322853e-01
   2.0445707e+00   1.9352674e+00
   1.6951476e+00  -3.2530579e-01
   1.4819513e+00  -1.3478590e+00
   3.8529915e+00   1.9390800e-01
   6.6464805e-01  -5.0713638e-01
  -2.6492364e-01   7.5980404e-01
   4.8140631e+00  -5.1019644e-01
   8.9086181e-01  -1.3592822e+00
  -1.0050018e-01  -2.5986000e+00
   2.1114854e+00   1.4919236e+00
   1.4753489e+00  -5.2468834e-01
   2.0206055e-01  -6.8541979e-01
   2.5918791e+00  -1.2601161e-01
   1.5966460e+00   1.4656816e+00
   3.0052682e-01  -1.2584767e+00
   2.7599307e+00   2.8110779e+00
   1.3912089e+00   3.1724880e+00
   1.2453623e+00  -6.9179136e-01
   1.1487184e+00  -1.2093391e+00
   3.2109008e+00  -3.8553147e-01
   3.9149927e+00  -3.1453988e-01
   1.7260781e+00   1.0064420e+00
   2.6467463e-01  -1.4741408e+00
   3.9455742e+00  -3.3678162e-01
  -6.3628214e-01  -3.4729261e+00
   5.6924415e-01  -8.0977522e-01
   8.3482028e-01  -1.5841198e+00
   4.7140436e-01   3.1814530e-01
   4.1431859e-01  -2.4472914e+00
   1.2219977e+00  -2.5759668e-01
   9.8717954e-01  -4.6442188e+00
   1.5320202e+00   9.5915988e-01
   3.6643626e+00   1.8629101e+00
  -8.2163695e-01  -2.5008163e+00
   1.8168834e+00  -2.0496105e+00
   2.1020855e+00  -1.7423726e+00
   1.5379002e+00   1.0440272e+00
   1.4168767e+00  -8.4797124e-01
   1.9523535e+00  -1.8744453e+00
  -4.9748482e-01  -2.5495181e+00
   2.6986132e+00  -2.2472402e+00
   2.2411289e+00   2.3770631e+00
   1.8332483e+00   1.4449407e+00
  -5.6542370e-02   2.4066851e+00
   4.1974283e+00   4.0361045e+00
   9.5764129e-01  -1.3376102e+00
   3.7195707e+00   2.5288491e-01
   2.4394477e+00  -9.6265514e-01
   1.1172875e+00  -1.7183334e-01
   2.6200895e+00   9.6548926e-01
   2.3605774e+00  -2.2844572e+00
   3.3004658e+00   1.8062725e+00
   2.1785246e+00   9.5348282e-01
   3.1583791e+00   8.3201208e-01
   1.2198945e+00  -2.7130246e+00
   1.3479497e+00   7.5364824e-01
   2.8776618e+00   3.1036649e+00
   4.1495963e-01  -2.2732694e+00
   2.0492706e+00  -2.3020648e+00
  -2.7293295e-01  -5.0353441e+00
   4.1383005e+00  -4.3414555e-01
   1.7988264e-01  -1.0673372e-01
   3.3992094e+00  -3.5632381e+00
   2.2949714e+00   3.0695138e+00
   3.1628053e+00  -3.0747635e-01
   2.7150194e+00  -1.2430834e+00
   2.1535647e+00  -1.7369320e+00
   4.2625217e+00   1.2531014e+00
   3.3873394e+00  -9.0000459e-01
   3.2695594e+00  -8.7355772e-01
   1.1003550e+00   9.3794338e-01
  -9.8439871e-01  -4.7252317e+00
   1.2278398e+00   3.2492857e+00
   2.3155179e+00   3.0050308e-01
   3.5983115e+00   5.7805346e-01
   3.1367298e+00  -3.7143962e-01
   2.7627450e+00   2.3732648e+00
   1.9638647e+00   2.8894707e+00
   1.0677679e+00  -8.2736724e-01
   2.1829378e+00  -1.9946357e+00
   5.2287070e+00   1.5856877e+00
   2.7518544e+00   2.0654764e+00
   2.8826043e+00   2.5928249e+00
   1.2073553e+00   7.8762519e-01
   1.5969223e+00  -1.8170505e+00
   2.6533083e+00   4.1995288e-01
  -1.7220810e-01   1.4529975e+00
   1.2888211e+00   4.1470284e-02
   1.7647506e+00   2.4843858e+00
   1.0705651e+00   5.1295587e-01
   2.0846297e+00   3.0466728e+00
   8.7433594e-01  -1.2413260e+00
  -3.7466639e-01  -2.8271611e+00
   2.3311852e+00   3.0887988e-01
   2.1317174e+00  -1.8005380e+00
   1.1812395e+00  -3.9406662e-01
   6.3001654e-01  -3.7350809e-01
   3.1578790e+00   1.7667929e-01
   2.0734472e+00  -1.0427463e+00
   1.6962768e+00  -9.8004582e-01
   1.0780131e+00   2.2204590e+00
   1.6400923e+00   1.8055714e-02
   2.8735848e+00  -2.7615594e+00
   8.6264434e-01   2.6557270e+00
   2.3214677e+00   2.6994396e+00
   1.9637271e+00   1.0815052e+00
   2.4623182e+00   2.2510553e+00
  -5.7725976e-01   3.0779618e+00
  -1.3116831e+00   9.6069606e-01
   3.6370449e+00   2.6302062e+00
   3.2395560e+00   2.5780459e-01
   6.5999275e-01   3.6834800e-01
   1.6140486e+00  -2.4793541e+00
   3.2912147e+00   7.3280155e-01
   1.8657418e+00  -1.1410785e+00
   3.4481772e+00  -1.6916989e-01
   1.1699652e+00  -1.1594699e+00
   3.7822593e+00  -3.4780863e-01
   9.5464200e-01   5.2711099e-01
   4.1470638e-01   2.6101026e+00
   8.2134328e-01   1.6881892e+00
   1.6388585e+00  -2.4347763e+00
   4.3986931e+00   1.3634692e-01
   2.9849695e-01  -1.3910780e-01
   2.7143486e+00   1.7506614e+00
   5.8415044e-01  -1.4449413e+00
   2.0972693e+00   7.7239686e-01
  -1.7106373e-01  -3.0282334e+00
   3.9453390e+00   1.6500732e-01
   3.3757056e-02  -1.3599333e+00
   4.9921929e-01  -4.9366768e+00
   1.7109060e+00  -3.7564360e+00
   2.4066284e+00  -5.8893886e-01
   3.1305907e+00   2.2868404e+00
   2.3548984e+00   1.2506708e+00
   1.8034363e+00   4.1902403e+00
   3.9880005e+00   1.9719641e+00
   4.1109983e+00   4.3980124e+00
   1.2629128e+00   1.1397947e+00
   1.9389497e+00  -1.4866978e+00
   3.2506776e+00  -1.6719309e+00
   1.4752998e+00   2.0868083e+00
   6.2260000e-01  -3.5242659e+00
   1.1010395e+00   2.4183944e+00
   1.6888278e+00  -2.7888993e-01
   2.8019694e+00   2.0452513e+00
   1.0752917e+00  -3.1807291e-01
   1.3009195e+00   3.8108967e+00
   3.6389018e-01  -1.3884191e-01
   2.9285281e+00  -1.6172460e+00
  -3.8644890e-01  -1.4338210e+00
   1.5137285e+00   7.3611323e-01
   2.7718136e+00   1.6058758e+00
   2.6782017e+00  -1.4944934e+00
   2.9521144e+00  -2.2220465e+00
   2.3267654e+00  -1.7527059e+00
   3.0252301e+00   2.8359041e+00
   7.7849392e-01  -5.1817338e-01
   4.1336097e+00   9.1162428e-01
   1.7050435e+00  -1.0716089e+00
   7.4364267e-01   2.0540741e+00
   9.9563085e-01   7.9263603e-01
   1.8079915e+00  -9.5786357e-01
   3.1107159e+00   4.3495276e+00
   1.2723909e+00  -9.6436346e-01
   4.5412642e+00   2.6357509e+00
   2.6887302e+00  -1.3839632e+00
   3.7598646e+00   1.2234491e+00
   1.1956614e+00  -2.9576877e+00
   8.6479615e-01   4.9743042e+00
   1.1518177e+00   1.3745327e+00
   3.9939638e+00  -6.0736180e-01
   1.7467894e+00   1.7724604e+00
   2.2533807e+00   3.7137390e+00
  -4.8540897e-01   1.1352448e-01
   4.2124022e-01   2.4565604e+00
   2.2030127e-01  -8.1876894e-01
   1.7240414e-01  -9.9608942e-01
   1.0449076e+00   2.0115380e+00
   4.0707183e+00   9.5489991e-01
   7.8151852e-01   2.6213374e+00
   2.9535794e+00  -1.2953922e+00
   3.1189188e+00  -5.4866353e-01
   2.2544230e+00  -1.9155002e+00
   6.3627209e-01   2.5790612e+00
   2.2071821e+00   1.1878154e+00
   4.3999590e-01  -1.3602610e+00
   3.2700644e-01  -2.2424909e+00
   2.1043375e+00  -4.7782143e-01
   2.3855021e+00  -5.8925201e-01
  -9.9250628e-02  -2.0459185e+00
   4.0524171e+00   5.7181992e-01
   1.1778389e+00   2.1723744e+00
   2.8020157e+00  -3.7536715e-01
   1.9904806e+00   1.4654586e+00
   3.4398628e+00   2.6944236e+00
   3.3573594e+00   4.9498291e+00
   4.6452534e-02  -2.7606403e+00
   8.5463678e-01   1.2594794e+00
   1.5706336e+00  -1.2994329e+00
   3.7309026e+00   1.2322573e+00
   1.5347652e+00   1.5504779e+00
   1.3906226e+00  -5.0830518e-02
   3.4501357e+00   6.6825891e-01
   4.1924828e+00   1.9860387e+00
   1.5749579e-01   1.2890211e+00
