   2.0100456e+00   3.1515736e+00
   1.1069342e+00   5.1632030e-01
  -7.7889744e-01   1.8383875e+00
  -1.1014404e-01   3.3290667e+00
  -1.2050755e+00   4.0152046e+00
   1.9271757e+00   1.4123175e+00
   8.7954475e-01   2.0496462e+00
   1.6977780e+00   3.4517409e+00
  -2.0671493e-01  -3.3574001e-01
   3.2381532e+00   4.4164880e+00
   3.1993084e+00  -1.1028828e+00
   4.5466553e-01   1.5055971e+00
  -9.4083516e-01  -1.2400494e+00
  -3.3315399e-01  -1.4880476e+00
   6.4983079e-01  -2.8638923e+00
   5.4557505e-01   2.2565707e+00
  -3.0501841e-01  -1.6235921e-01
   1.0624723e+00   2.4510967e+00
   5.1297183e-02  -1.9181218e+00
  -1.1830241e+00  -1.1677438e+00
   2.2687889e-01   1.1746846e+00
   5.3816989e-01   3.1064907e+00
   2.0445478e+00   2.6928173e-01
  -5.0345843e-01   1.4008806e+00
   7.5961716e-01   3.2394124e+00
   1.0170108e+00   2.3195060e+00
  -2.3873864e+00  -1.5426547e+00
   1.2011025e+00  -1.3695003e+00
  -7.2573053e-01   5.4484307e+00
   1.6831062e-01   1.0571208e+00
   4.1351973e+00   7.0104912e+00
   2.8063746e+00   2.7210073e+00
   1.7993624e+00   2.3043444e+00
   4.0410192e-01   8.0319375e-01
  -5.8320939e-01   4.9171564e-01
   1.1931499e+00   2.1405734e+00
   3.1186462e-01   2.6003064e+00
  -1.2294285e+00   2.8768097e+00
   5.9896691e-01   1.8394971e+00
  -6.1480093e-01   1.9763627e-01
   2.1976467e+00   1.2444010e+00
  -2.6598288e-02   2.6434139e+00
   1.5696351e+00   1.2530692e+00
  -1.1993618e-01   1.2914972e-01
   6.8764687e-01  -7.8132119e-01
   8.4907168e-01  -3.4630176e-01
   1.7570960e-01  -8.2160954e-01
   3.6644325e+00   2.9093648e-01
   1.7617381e+00  -3.2064585e+00
   2.3215758e+00   2.8311852e+00
   3.5961709e+00   1.6783903e+00
   1.1781042e+00   1.8804697e+00
   2.1080955e+00  -1.4042944e+00
  -1.3102631e+00   4.0385277e+00
  -7.2560006e-01   1.7792683e+00
  -3.1446588e+00  -3.0877284e+00
  -5.0537593e-01  -3.8087348e-01
  -8.0405326e-03   4.3907858e+00
  -4.1189127e-01   3.6061502e+00
   2.2062218e+00   1.4069893e+00
  -5.7702685e-01   2.1109803e+00
  -4.4324483e-01  -1.9123144e+00
   7.6835415e-01   2.3669430e+00
  -5.7175594e-01   4.4716687e+00
   1.4227456e+00   2.0220423e+00
   1.3835625e-01   1.8252309e+00
   2.5684779e+00   1.9079688e+00
   1.6777567e+00   9.0793664e-01
  -3.7837274e-01  -9.7444324e-01
   1.7678429e+00   9.7979743e-01
   2.0123639e+00  -1.8358372e+00
   1.9585418e+00   4.0221107e+00
  -2.5704541e+00  -1.4268825e+00
  -9.6668519e-02  -2.2113430e+00
  -2.1837467e+00   1.8302924e+00
   3.0031013e+00   4.3530374e+00
   1.1370629e+00   4.1019333e+00
   2.7152407e-01   3.9555322e+00
  -9.9212392e-01  -9.5507650e-01
  -3.6140519e-01   7.4344474e-02
  -2.8300248e-01   2.2354986e+00
   1.7355326e+00   4.4762950e+00
   1.0762082e+00  -2.0397737e+00
   2.4320908e+00   3.6007141e+00
   5.2441985e-01  -8.1153830e-01
  -2.6280096e+00  -2.3567537e+00
   2.0235984e+00   1.7226413e+00
   2.0773498e+00   2.5610361e+00
   8.1585869e-01   1.8899541e+00
   1.4812274e+00  -8.6737728e-01
   6.2015544e-01   3.0502039e+00
   7.5430772e-01   1.1729257e-01
   4.6719536e-01  -1.1065495e+00
  -1.2957798e+00   1.1688068e+00
  -4.8287001e-01   4.7111019e+00
  -2.6749992e+00   5.0717288e-01
   1.2065393e+00   2.8029362e+00
  -2.3799476e-01   2.3422833e+00
   6.7612198e-01   1.5012656e+00
   1.6255517e+00  -3.4973681e-01
  -5.9303825e-01   2.1611882e-01
   2.2151660e-01   7.8976010e-01
   1.3549541e+00  -3.7868758e-01
  -1.4880578e+00   7.4683934e-01
  -1.4247589e+00   2.4576431e-01
  -5.0177001e-01  -4.0764307e+00
  -1.6954703e+00  -6.8898418e-01
   2.7705866e+00   3.6901578e+00
   1.6608324e+00  -4.1040993e+00
   9.2509084e-01   2.0626664e+00
   2.1650831e+00   1.6614827e+00
   1.5188034e+00   1.3315647e+00
  -6.0637143e-01   1.5021825e+00
   3.3420101e+00   4.2540974e+00
   7.6765276e-01   7.4691443e-02
   1.3467651e+00   2.4844828e+00
   2.0790174e+00   2.2692878e+00
  -6.8245496e-01  -1.2099778e+00
  -6.2774075e-01   2.8796045e+00
  -7.6070273e-01   3.2534690e+00
   5.8541585e-01   1.7369102e+00
   1.8584040e+00   2.8082902e+00
  -6.6394636e-01   1.8702548e+00
   6.7833403e-01   2.1136699e+00
   2.7588176e-01   2.3491774e+00
  -8.6582963e-01   2.5254474e+00
  -5.8829254e-01   1.1465153e+00
   1.2979085e-01   1.7625700e+00
   1.8028928e+00   2.5110834e+00
   1.0831009e-01  -2.2942373e+00
   7.1688084e-01   5.4156010e+00
   1.4189739e+00   3.5219402e+00
   3.8035293e-01  -3.3897834e+00
   2.1122294e+00   2.0435602e+00
   2.0634981e+00  -1.4829898e+00
  -7.1197072e-01  -1.1332416e-01
   6.1465463e-01   3.4684326e+00
   1.3269846e-01   3.4993575e+00
  -1.7501502e+00   1.7291636e-01
  -8.5418455e-01  -1.3699328e+00
   1.6053066e+00   9.0031890e-01
   6.4030769e-01   1.6528402e+00
  -1.6467018e-02   3.8724285e+00
  -1.6732645e-01   1.1805719e+00
   2.6899057e+00   6.9365737e-01
  -7.5373216e-01   7.1205744e-01
  -9.6716593e-01   7.9337622e-01
   5.8659875e-01   1.9716150e+00
   2.8710068e+00   2.3756243e-01
  -6.1242111e-01   1.0049596e+00
   9.7092557e-01   1.4543103e+00
   1.6020302e+00   5.5403432e+00
  -1.7247355e-01  -4.9651897e-02
   2.0283796e+00   2.1375052e+00
   7.3289946e-02   4.2435003e+00
   1.8364844e+00  -1.6636847e+00
   1.1463246e+00   2.8848010e+00
   8.5359131e-01   2.6842007e+00
  -1.8684460e+00  -4.5339699e+00
   1.4756087e+00   7.2274605e-01
  -1.5882559e-01   2.4413891e+00
  -1.0647600e+00  -2.7994765e+00
  -2.4069936e+00   3.4940048e-01
   9.4829325e-01   8.5548500e-01
   1.1535378e+00   1.6214150e+00
  -2.0297580e+00  -4.0218544e+00
   7.0466226e-01   6.0396171e+00
  -3.6039750e-01   4.0939862e+00
   9.3736300e-01   3.8205294e+00
  -1.8870951e+00   1.8168732e+00
   1.3647778e+00  -1.0398887e+00
   1.2702123e-01   2.2203223e+00
   3.4364353e+00   1.0359365e+00
  -1.2792330e+00  -3.7473339e+00
  -2.6843263e-01  -1.6017227e-01
  -4.8453320e-01   5.5075130e-01
   2.5646032e+00   3.0116605e+00
   2.6695341e+00   2.0601169e+00
  -9.4764497e-02  -4.8358834e-01
   1.0574344e+00   6.5298589e+00
   3.5230096e+00   1.8166290e+00
   8.7482354e-01  -8.5222689e-01
   7.2357779e-01   3.6586976e+00
  -2.2256554e+00   8.3504869e-01
  -2.7982202e+00  -2.7260902e+00
   2.4707596e+00  -1.5089169e+00
   3.3781265e+00   2.9250731e+00
   9.9826212e-01   1.7408343e+00
   1.0412006e-01  -1.1885588e+00
  -1.8889837e-01   5.8412811e+00
   2.0982654e+00   9.9823931e-01
   3.2558236e+00   1.6268761e+00
   2.1344867e+00   6.0335203e+00
   2.5765203e+00   1.1514893e+00
   1.5581366e+00   3.0237410e+00
  -2.5530075e+00  -9.8731797e-01
  -1.4030223e+00  -9.6872812e-01
   2.7197869e+00   4.1777938e+00
   1.1358427e+00   8.6671881e-01
  -1.2035081e+00   3.3401738e+00
  -2.4505144e+00  -2.2284440e+00
   2.0557777e+00   5.5894107e-01
  -9.9653107e-01  -3.8404948e+00
  -5.2546087e-01   1.7676400e+00
   8.3862649e-01   3.4274390e-01
   1.4156512e+00   3.4874567e+00
   2.2003887e+00   1.5548211e+00
  -1.1390708e-01   2.4299857e+00
   8.7488032e-01  -2.9269984e-02
  -5.0619612e-01   1.6813321e+00
   1.5886130e-01   1.8606039e+00
   1.5411004e+00   2.9762818e+00
   1.4831990e+00   3.5374692e+00
   2.5682507e+00   2.2772222e+00
   1.1666058e+00   2.3463673e+00
   9.4099132e-01  -4.5646191e-01
  -1.1581525e+00  -4.2299944e+00
  -3.7714935e-02   5.6352585e+00
  -1.0307851e-01   1.2340264e+00
  -6.0310556e-01   2.2774622e+00
   4.8412774e+00   2.7621878e+00
   1.7169444e-01  -1.5807671e+00
   3.4353298e+00   2.9954430e+00
   1.1593967e+00   8.6654281e-01
   1.6971219e+00   3.1266456e-01
   6.4327025e-01   1.0686105e+00
   1.0330718e+00  -1.7799908e+00
   5.7971528e-01   1.4624515e+00
  -2.8244124e-01  -7.8108797e-01
   1.5958139e+00   3.1016892e+00
  -4.0375812e-01  -1.6666962e+00
  -2.1600133e+00  -1.7629487e-01
   8.6322809e-01  -1.5769590e+00
  -2.7074319e+00  -3.3229631e+00
   2.4836879e+00   1.2730654e+00
   2.1121640e+00   1.4484687e+00
   3.4961197e+00   2.9924814e+00
  -1.1414436e-01  -6.6771091e-01
  -3.2389489e+00   1.0748422e+00
   2.1390238e+00   5.5968278e+00
   2.9837141e-01   3.6973697e+00
   2.8298402e+00  -1.5090714e+00
   4.7576677e+00   2.5925032e+00
   1.3165021e+00   2.9701521e-02
  -7.0293784e-02   4.9122087e-02
   3.1170407e-01   4.0778588e+00
   1.7549576e+00   9.8276221e-01
  -1.5473392e-01   7.7260822e-01
  -6.0475419e-01   1.0610923e+00
   8.4844006e-01   2.1693098e+00
   3.4643374e+00   2.7057450e+00
   2.1160197e+00  -3.4524142e+00
   7.6345319e-01   6.9722853e-01
  -5.3151625e-01   7.3684276e-01
   1.2328834e+00  -2.5030073e+00
   2.4228091e+00   1.4013215e+00
  -5.0113831e-01  -3.3628392e+00
   6.9112749e-01  -9.7415293e-01
   1.9447849e+00   1.1316334e+00
   2.2034991e+00  -2.7135023e+00
   1.1057847e+00   1.5432253e+00
   1.7388661e+00   2.9196770e+00
  -1.8637948e-02   3.3976679e+00
  -6.0895748e-02   1.8482076e-01
   1.8557579e+00  -7.8203296e-01
   1.6042329e+00  -2.8000735e+00
   2.4354472e+00   2.2466951e+00
   1.4487405e+00   3.3957942e+00
   6.3897315e-01  -1.9763982e+00
   6.3737882e-01   4.0189112e+00
   1.4625225e+00  -1.5635503e+00
   9.1588956e-01   1.3958555e+00
   1.4072327e+00   3.5742454e+00
   1.1188991e+00   5.2607698e+00
   3.3243667e+00   3.6236481e+00
   4.0643631e-01   3.4503773e+00
   3.8212392e-02  -2.1505619e-01
  -1.0175920e+00   2.2638929e+00
   1.0420610e+00  -1.7034245e+00
  -1.0053703e+00   2.9103069e+00
   5.4212431e-01   1.3700046e+00
   1.0187317e+00   3.8215580e+00
  -7.4199917e-01   2.6820937e-01
   1.2340486e+00   1.6370608e+00
  -8.3565123e-01   5.9975810e-01
  -6.3635293e-02   2.0900919e+00
   1.7221415e+00  -1.6344131e+00
  -4.4090014e-03  -2.0328216e+00
  -6.7703699e-01  -1.1906495e+00
   7.7042356e-01  -8.1225683e-01
   1.5004873e+00   3.9324231e+00
  -1.7643480e+00  -1.2068677e+00
   1.1400422e+00   4.0138492e+00
  -2.0498552e+00  -1.2408425e+00
  -6.2174704e-01  -2.3296284e+00
   7.5286164e-01   2.7290776e+00
   8.5041372e-01   1.5265585e+00
   9.6555871e-01   1.2207984e+00
   1.1698004e+00   1.4017900e+00
   4.7049983e+00   4.2556433e+00
   7.1947068e-01  -1.7633265e-01
   3.5480204e-01   4.0500818e+00
   1.7716594e+00   4.3340729e+00
  -2.9137110e-01   1.1284937e+00
   2.8172586e-01  -6.3065535e-01
  -6.8596637e-01   1.2876505e+00
  -6.7304369e-01  -1.7279425e+00
   1.5466555e+00  -3.6146570e-01
   1.9739482e+00  -4.9364050e-01
   1.6799438e+00   1.3773889e+00
   4.7092906e-01   5.1185220e+00
  -1.7631396e+00   1.3510085e+00
  -7.7068360e-01   2.6722649e+00
  -1.3392825e-01   2.8170264e-01
   7.3408653e-01  -4.6517373e-02
   1.2137354e+00   3.0048644e-01
   1.8558687e+00   4.4812418e+00
  -4.8539836e-01  -2.2074934e+00
   2.6488964e+00   4.1008491e+00
   1.8613470e+00   2.0972428e+00
   8.4930163e-01   1.0658576e+00
   1.2555106e+00   2.5193246e+00
   4.9684735e-01   9.5109918e-01
  -5.4943118e-01   3.0813397e+00
   2.5908984e-01   4.2260447e+00
   1.2236653e+00   7.8305711e-01
  -1.1095541e+00  -2.5562856e+00
  -1.7094422e-01   1.1841845e+00
  -3.3207016e-01   2.7546915e+00
  -9.4351465e-01  -1.0249044e+00
   3.7946624e+00   3.0576953e+00
   1.1741758e+00   2.4574589e+00
   5.9996056e-01   2.0410818e+00
  -1.7177366e+00  -2.8052586e+00
   5.7815008e-01   2.2102186e+00
   5.3426122e-01   3.7608737e+00
  -7.3329410e-01  -1.6355654e+00
   2.9026902e-01  -3.7277696e-01
   4.6196526e-01   3.8517366e+00
   1.5443034e+00  -2.3989540e-01
   1.5631639e+00   2.3646934e+00
  -8.0842111e-01   4.7526477e-01
   4.9675591e-01   3.1321079e-01
   1.5840170e+00   3.4294686e+00
   6.4347207e-01   7.4103204e-01
   2.2538818e+00   1.8380567e+00
   1.4764832e+00   4.3879103e-01
  -1.0353064e+00   6.9394288e-01
  -2.7236917e+00  -2.5912251e+00
   1.7419628e+00   1.0315997e+00
  -2.5586728e+00   2.2805717e+00
   1.0626167e+00  -9.0358683e-01
   3.3276727e+00   2.3738994e+00
   1.0290028e+00   1.1543271e-01
   1.0256856e-01   2.6836511e+00
   9.6802118e-01  -6.9925141e-01
   3.7132961e-01   2.9245984e+00
   9.1666935e-01   1.0172689e+00
   2.8385716e+00  -4.9734927e-01
  -8.6490838e-02  -1.5519687e+00
   2.9969708e+00   4.6127612e-01
   1.7892439e+00   1.6664791e+00
  -3.5745815e-01  -4.6148087e-01
  -6.2134629e-01   1.7061037e+00
  -8.6903286e-01   1.0762364e-01
  -9.2302102e-02  -8.3054928e-01
   1.2817451e+00   2.6080025e+00
  -1.5806172e+00   1.0841672e+00
  -5.6726788e-02  -8.3424549e-01
   2.4618723e+00   1.2439775e-01
  -1.0777532e+00  -2.6686629e+00
   1.6244631e+00   2.6639983e+00
  -3.1334599e-01   1.7191738e+00
  -1.4252531e+00   6.5103436e-02
   1.3420561e+00   3.9236346e+00
   1.6166610e+00   3.1856187e+00
   1.2160953e+00   2.1022601e+00
   1.5569096e+00   3.7789415e+00
   3.1865470e+00   2.9772358e-01
  -3.7178515e-01  -6.6276139e-02
  -6.5457833e-01  -2.3539786e+00
   1.8062922e+00   1.6235138e-01
   2.0825403e+00   1.8014257e+00
   3.3893946e+00   3.2036100e+00
   4.2352820e-01  -2.1561715e+00
   2.3032403e-01  -5.9012775e-01
   1.9440846e+00   1.4421307e+00
  -4.3566644e-01   1.8742710e+00
   2.6347709e+00   1.3505597e+00
   1.7257660e+00   1.5781037e+00
   2.5258754e-01  -2.3902383e+00
   2.0540713e+00  -1.7361406e-01
   1.4027040e+00   4.2054923e+00
  -8.6022563e-01   3.8630315e+00
   2.4479794e+00   3.4659801e+00
   6.5260132e-01   3.4749552e+00
   1.8740546e+00   1.3976455e+00
   2.4046316e-02   9.4487138e-01
   1.4805405e+00   1.3789622e+00
   4.4141519e-01   2.0398242e+00
  -3.3743980e+00  -1.6626274e+00
   3.2643467e+00   6.2385829e-01
  -8.5776731e-01  -1.4569192e-01
  -8.3037191e-01   2.6547418e+00
   3.0103343e+00  -2.3024588e-01
   2.5521370e+00   2.4732276e+00
   9.4729682e-01   2.9844476e+00
   8.9574346e-01  -1.8999272e+00
   5.2226795e-01   1.6464838e+00
  -3.7882498e-01   4.5772051e-01
  -1.6089875e-01   4.9211893e+00
   1.1310118e+00  -8.2742980e-02
   2.6220159e+00   3.2482114e+00
   2.3729714e+00   5.8736771e+00
   1.2883420e+00   3.6090524e+00
  -2.4695360e+00   1.4024410e-01
   5.8112882e-01   1.0615872e+00
  -3.9430614e+00   2.7984036e-01
   7.1621273e-01   4.4765098e+00
   2.9934773e-01   1.5224066e+00
   2.4037036e+00   3.7296649e-01
  -1.8320425e-01   4.3143480e+00
  -2.5963270e+00   1.7009304e+00
  -1.2832799e+00   1.4905244e+00
   2.3103890e+00  -1.2158837e+00
   1.4209938e+00   2.7719589e+00
  -1.9335907e+00  -6.8422759e-01
  -1.0340719e+00   1.3985798e+00
   1.2225727e+00  -6.0202729e-01
  -1.0147907e+00   9.8610795e-01
   2.8839745e+00   5.2987375e+00
   1.1446622e+00   5.6308072e+00
  -1.2204678e+00  -9.5237949e-01
  -6.2190458e-01   3.4869937e+00
   2.9436731e+00   2.8173041e+00
  -2.0660461e-01   1.0588352e+00
  -2.5807629e-01   1.4536806e+00
   1.5795987e+00   4.1081553e+00
   3.8545831e+00   1.6237536e+00
   2.9702824e+00   2.8167101e-01
   1.5471182e+00   2.3821748e+00
  -4.7975767e-02   3.7881352e+00
  -1.1470441e+00   2.8083267e+00
   1.6703031e+00   2.9088298e+00
   9.4828486e-01   6.3184075e-01
   3.9486105e-01   2.6175047e+00
   2.0616304e+00  -5.8298308e-02
  -9.4038975e-01   7.7453125e-01
   6.0677317e-01  -1.2786651e+00
  -1.2696889e+00  -8.6250997e-01
   4.8204269e-01   1.4271050e-01
  -1.8892223e+00  -5.7309686e-01
  -1.6057755e+00   1.1991222e+00
  -1.7755267e+00  -5.6390612e-01
   1.4807888e+00   1.0966675e+00
   1.9368557e+00  -1.3230004e-02
   8.8293905e-01   4.9326961e-01
   2.4176118e+00   1.4154630e+00
   9.8359758e-02  -1.8959969e+00
   1.9751598e-01   1.2916088e+00
   2.2874350e+00   2.9171272e+00
  -4.8646809e-01   1.5880430e+00
   3.4685773e+00   2.0123746e+00
  -3.7137772e+00  -1.3874702e+00
   2.8075295e+00   5.8990093e+00
  -9.6211059e-01   6.2430891e-01
   1.2574499e+00   1.1370807e+00
   8.3609849e-01  -2.8289673e+00
   4.2702240e+00   2.0723512e+00
  -7.0051100e-01   1.5079092e-01
   9.2090647e-01   5.9476509e-01
   1.5427272e+00   1.7928838e+00
   6.9040020e-01   1.3106801e+00
   1.0086116e+00   1.8050323e+00
   1.2848115e+00   3.0059110e+00
   1.5995128e-01   3.3374372e+00
   1.3193190e+00   3.0037054e+00
   9.4954701e-01   3.9755343e+00
   2.8969657e+00  -2.1100467e+00
  -2.6995525e+00  -1.8976420e+00
  -1.1632015e+00  -4.3355121e+00
   1.4156920e+00   1.7888522e+00
   2.1246526e+00   6.0539619e+00
   5.3163548e-01  -7.4003934e-01
   1.0554291e+00   3.4488787e+00
   4.0159206e-02  -8.2193659e-01
  -9.6418796e-01   2.9580454e+00
   4.9143220e-01   4.7564053e-01
   1.9082945e-01  -5.0140106e-01
   8.9785591e-01   1.1050034e+00
  -9.2329232e-01  -9.9927481e-01
   2.1303136e+00   1.6281334e-01
   2.6393591e+00  -6.7280230e-02
   9.1531697e-01   3.0636024e+00
   7.4767043e-01   1.3925842e+00
  -1.1782621e-01   2.6861926e-01
   2.1603318e+00   2.5321263e+00
   1.2255270e+00   2.4653346e+00
  -1.8532912e-01  -1.9793061e+00
   1.4291696e+00   6.7512496e-01
   3.1227476e+00  -1.9660898e-01
   2.4037976e+00   7.9381000e-01
   1.7030467e+00   3.1565097e+00
   1.4673375e+00  -1.2070008e+00
   4.6486655e-01   1.1205729e+00
   3.5807366e+00   3.2220999e+00
   2.3191301e+00  -1.4668023e+00
  -5.6353642e-01   8.6614365e-01
  -1.2292532e+00  -2.0693960e+00
  -1.0519175e-01   3.2992077e+00
   1.9487320e+00   1.5746314e+00
   5.2058367e+00   5.5063389e+00
   1.1691222e+00   1.5630735e+00
   1.7355857e-01  -1.8628759e+00
   3.6168203e+00   2.6929624e+00
   2.2358546e+00   3.6488156e+00
   1.2486401e+00   3.8502153e+00
   5.8286930e-01  -1.1638111e+00
   4.2399525e-01  -9.8578906e-01
   3.8937648e-01   1.3990895e+00
  -2.3319101e-01   3.0377533e-01
   2.5927362e+00   5.1770816e+00
   2.0430539e+00   4.8556651e+00
   8.9448277e-01   2.7722094e-01
   2.1295710e+00   5.7122839e-01
   3.2018080e+00   3.4101390e+00
   1.9424964e+00  -1.0064094e-01
  -1.4278010e-01   3.6441561e+00
   4.8833042e-01   4.9380092e-01
  -5.2770764e-01   2.0369514e+00
   2.1033263e+00  -1.5354287e+00
   9.3588549e-01   1.6391056e+00
  -1.2206982e+00   9.2145442e-02
   1.6227125e+00   1.7894038e+00
   8.2512281e-01  -1.9642050e-01
   1.7529588e-01   3.0747585e+00
   1.5157414e-01   2.9822705e+00
   1.3748669e+00  -3.5206918e-01
   7.1565385e-01  -3.5194280e-01
   2.3607941e+00  -4.2829858e-01
   6.9846718e-01   1.6967738e+00
   2.8215003e+00   2.3850598e+00
   1.0670951e+00   1.5887685e+00
   7.5482923e-01   3.4638922e-04
   2.9037411e+00   1.2588803e+00
   1.6498392e-01   1.1305386e+00
  -9.2456821e-01   4.6027614e-01
  -1.2375922e+00   2.4932019e+00
   2.1551075e+00  -6.8207606e-01
   1.2394641e+00   2.7368532e+00
   1.8868270e+00   1.0666066e+00
  -1.4242744e+00  -1.2762990e-01
  -1.1741657e+00   2.0169995e+00
  -3.6924959e+00  -3.3454342e-01
  -1.0206692e-01   3.1869219e+00
   1.0835178e+00  -1.8790175e+00
   1.3037817e-01  -1.7261953e+00
   4.9938717e-01   2.1247732e+00
   2.8832383e+00   2.7551370e+00
  -6.7492143e-02  -9.9126417e-01
   6.8734759e-01  -7.0045673e-01
   2.6909086e+00  -9.5523121e-01
   2.8153639e-01   3.5395506e+00
   1.1764585e+00  -3.0531752e-01
   2.5885819e+00   9.9057412e-01
   3.3571296e+00   8.5572249e-01
  -8.3558332e-01  -4.6495576e-01
   3.3865690e+00  -1.8526553e-01
   5.8355573e-01   1.2386998e+00
   1.8758950e-01  -2.1596985e+00
   5.6421852e-01   1.8281337e+00
   3.0112298e+00   2.1498419e-01
   6.0320928e-01   1.2572490e+00
   1.3609665e-01   3.3782358e+00
   1.2640886e+00   2.4337861e+00
  -3.0095464e-01   8.5534110e-01
  -1.2941708e+00  -6.6159381e-01
  -9.1112506e-01  -1.5061799e-01
  -1.1463159e+00   7.7328664e-01
  -7.1675049e-01   3.0707238e+00
  -1.3225598e+00   1.1193371e+00
   1.0131306e+00   2.0562978e+00
  -1.0898334e+00   1.6862817e+00
   2.4024739e-02   6.8332265e-01
   3.3185039e+00  -6.6863181e-01
   5.1471386e-01   1.2202118e+00
   2.0911520e+00   6.8294259e+00
  -9.6847198e-01  -1.7689198e+00
  -2.8458107e-01   2.2175486e+00
  -2.2576149e+00  -1.1365853e+00
  -5.6240945e-01   8.0580759e-01
  -1.6752854e-01  -1.4044962e+00
   1.6440749e-01   4.8333280e-01
  -1.2601693e+00   5.4841070e-01
  -1.0836593e+00   2.4476964e+00
   4.8628907e-01   2.7299090e+00
  -1.4269317e+00   2.4566678e+00
   3.0940420e-01   1.3566050e-01
   6.4183350e-01  -9.3469509e-02
   1.2932413e+00   7.7477388e-01
  -3.3103945e-01   4.4839800e+00
   1.9071134e+00   5.0007624e+00
   1.3151620e+00   1.5338902e+00
  -1.2105851e+00   2.7896625e+00
   1.5913219e+00   1.5367570e+00
   2.2099011e+00   2.2516553e+00
   1.2474827e+00  -2.0083644e+00
   1.8304503e+00   3.8905781e+00
  -2.3328929e+00  -2.5658074e+00
  -6.8865338e-01   2.5031989e+00
  -3.3487676e-01   1.6916352e+00
   5.8279686e-01   1.5919826e+00
   1.3168401e+00  -8.1466059e-02
   3.7722285e-02   5.6661080e-02
   4.2183121e-01  -1.4127119e-01
   1.0722135e+00   5.5393116e-01
  -5.2684684e-01  -1.3840795e+00
   3.1677074e-02   2.6660527e+00
   1.7680935e+00   1.8693097e+00
   3.1982190e+00   4.5237095e-01
   6.9669921e-01   6.6327022e-01
   6.7406719e-01   5.5128885e-01
  -2.0155050e+00   9.5936317e-01
   4.3839355e-01   1.0715712e+00
   7.5534747e-01   4.5607698e+00
   6.7716625e-02   8.4852091e-01
  -6.7434617e-01   3.7051956e+00
   2.9586680e-01   2.7852114e+00
  -1.6136197e+00  -1.5291473e+00
  -5.2000194e-01   2.8812910e+00
   3.7720715e-02  -1.5147399e+00
  -1.5271186e-01   2.9343193e+00
  -5.1660892e-01  -2.1852753e-01
   2.0285838e+00   3.9680934e+00
   1.0255038e+00   4.0223941e+00
   1.2816560e+00   2.3785857e+00
   2.1140376e+00   2.8295473e+00
   6.2317625e-01  -5.6724149e-01
  -1.3426934e+00  -1.6770251e+00
   8.3950262e-01   1.0138783e+00
   1.0322730e+00   1.2530409e-01
   1.8067740e+00   2.3494512e+00
   3.1033705e-01  -7.4380313e-01
  -7.6840724e-01   3.5751334e+00
  -1.4049556e-01   2.2345280e+00
  -3.4283280e-01   2.7748891e+00
   1.3445312e+00  -7.3827593e-01
   8.4772684e-01   2.8719072e+00
   4.8773240e-03   3.6518155e+00
   2.3440868e+00   1.7356926e+00
   1.4393437e+00   2.4331998e+00
   4.1709740e-01   3.2910776e+00
  -5.5352429e-01  -9.0878531e-01
  -6.5362877e-01   6.0727604e-01
  -4.5883021e-01  -2.1167722e-01
  -1.5880550e+00  -2.2989151e+00
  -1.3331864e-02   4.1656454e-01
  -6.9391966e-01  -1.9243901e+00
   5.9878858e-02  -1.9530735e+00
   3.1938463e+00   6.2641828e-01
  -8.3886102e-02   2.0523298e+00
   6.5810542e-01   1.5019793e+00
   1.4543432e-01   2.3726809e+00
   6.6446865e+00   3.0559781e+00
   4.0683942e+00   5.1461350e-01
   9.2564257e-01   1.2680068e+00
   3.3951455e+00   1.9310465e+00
  -4.1226869e-01  -2.8201897e+00
  -1.2052221e+00   4.7514296e-01
   1.6903638e+00   2.3082970e+00
   3.0025650e+00   2.7952228e+00
   8.8616995e-01  -5.9467732e-01
   9.3393596e-01  -1.5668653e+00
  -7.8417086e-01   1.5904423e+00
   1.4006410e+00   1.2427676e+00
  -2.0067897e+00  -2.5300552e+00
  -3.4025759e-01   4.5866860e+00
   4.1820792e-01  -1.9676596e+00
   6.7280291e-01   2.0006100e+00
  -5.2862772e-01   3.2667225e+00
  -1.4798766e+00  -6.8807957e-01
   1.2785600e+00   4.0835071e-01
   1.9608939e-01  -2.1510110e+00
   9.8569874e-01   3.8563377e-01
  -1.9907053e+00  -1.4149812e+00
   5.6407321e-01   2.4694448e+00
   7.8740454e-01  -1.7896229e+00
  -1.0357332e+00   4.9113460e-01
  -4.5541589e-02   2.8394720e+00
  -1.0501164e+00   8.8188740e-01
  -1.3765525e+00  -4.1218502e-01
   2.0201223e+00   2.5152923e+00
  -3.1801749e-01   9.5348132e-01
   1.2656149e+00   7.8813751e-01
   3.0334616e-02  -2.1711585e+00
   7.4029047e-01   3.1755761e+00
   1.0341556e+00   9.0348110e-01
   4.9056545e-01  -4.7049137e-01
   9.4912398e-02   7.5693423e-02
   2.9525174e-01   4.6211850e-01
   3.4372717e+00   3.4141921e+00
   2.5154259e+00   3.0549028e+00
   2.4462607e+00   4.8513240e+00
  -2.2186510e+00  -2.1028308e+00
   2.8821429e+00   1.7190097e+00
   1.8836069e+00   1.4940935e+00
  -5.7304263e-01  -3.3257660e+00
  -2.6271659e+00  -1.7656741e+00
   1.9681972e+00   3.5038501e+00
   7.5293705e-01  -2.2059890e-01
   2.6733849e+00   2.1479064e+00
  -1.6477184e+00  -1.1643169e+00
   2.3293769e+00  -2.4569682e+00
  -1.1895571e+00  -1.3987801e+00
  -1.4967164e+00   2.0591754e+00
  -2.9174415e-01   1.4723985e+00
   1.5849889e+00   2.4432186e+00
   1.4633790e+00   1.3647461e+00
   7.9610067e-01  -5.3694197e-01
   1.4341226e-01   1.2307923e+00
   2.4386216e+00   1.5476399e+00
   5.8428853e-02   2.3610877e+00
   1.9323392e+00   2.3861092e-01
   2.9493568e-01   9.2125935e-01
  -2.4436006e-01  -2.4338272e+00
   4.4385951e-01   2.8620115e-01
  -2.7508648e-01   2.3834782e+00
   1.6344467e+00   1.2933127e+00
   6.4267236e-01   2.6634201e-01
  -3.4485067e-01  -2.4921997e-01
   2.1603165e+00   1.4943565e+00
   1.0537065e-01   4.0074026e+00
   7.1119649e-01   2.4103693e+00
   1.8464912e+00   2.9275870e+00
   1.1957934e+00   3.3339490e+00
  -9.1012558e-01  -1.4784755e+00
   2.1881431e+00   3.2961647e+00
   1.3482831e+00   1.2156003e+00
  -2.5874934e-01  -3.4930981e-01
  -3.1674389e-01   4.2198425e+00
   2.6348647e+00  -5.9384117e-02
   1.1489200e+00   4.5428540e+00
   8.1976214e-01   8.3846571e-01
   2.4868021e+00   2.6402888e+00
   3.8220508e+00   3.1895172e+00
  -1.3751977e+00   2.4959080e+00
  -3.9693288e-01   1.2370866e+00
  -8.6657736e-01   1.5692864e+00
   1.2323357e+00  -1.0845341e+00
  -7.0447604e-01   7.3053010e-01
   1.0142989e+00   1.9624173e-01
   1.7645173e+00   4.5713326e+00
   2.8085734e+00   2.0319451e+00
   2.8512497e-01   1.3592330e+00
   2.0870754e+00   7.4394755e-01
  -8.3203834e-01  -2.7188702e+00
   2.0617208e+00   3.1846924e+00
  -1.1871368e+00  -3.1911322e+00
   1.8178034e-01  -3.5568060e-01
   1.9842048e+00   2.8625465e+00
  -8.7038236e-01  -3.3750108e-01
  -4.2779434e-01  -2.0227743e+00
   1.9394699e+00  -1.2924374e-01
   8.6325184e-01   4.0955914e+00
   1.3153273e+00   2.6757033e+00
   1.5363982e+00  -9.8699233e-02
   8.6589166e-01  -5.4782489e-01
  -5.7568602e-01  -1.8925888e+00
  -3.4578259e-01   2.0848211e+00
  -1.9765884e+00   7.2057906e-01
   2.0927814e+00   4.0902336e-01
   8.7941020e-01  -1.1816554e-01
   2.3500267e-01  -1.5699448e+00
   5.0418005e-01   5.5508862e+00
   2.8393651e+00   3.1783930e-01
  -1.8890706e+00   1.1784423e+00
   8.4046758e-01   2.6519500e+00
   6.4245857e-01   2.6173246e-01
   9.8000466e-01   8.5382984e-01
  -2.0570549e+00  -1.5956497e+00
   2.4218713e+00   2.3031512e+00
   1.5729200e+00   2.1663980e+00
   1.1107859e+00   2.8831304e+00
   1.8170208e+00   1.7423147e+00
   1.1526306e+00  -3.0801844e+00
   1.6934976e+00   3.7327574e+00
  -1.4177062e+00   1.2303092e+00
   9.1475291e-01   1.8635004e-02
   8.2925221e-01   2.6530605e+00
   4.8220364e-01   1.6260276e+00
   1.1458480e+00   2.1249185e+00
   3.4368425e+00   3.7158955e+00
   3.7221134e+00   4.4189260e+00
   5.1514618e-01   1.5933111e+00
  -5.4459852e-01  -1.8642266e-01
   1.9019971e+00   1.1094385e+00
   1.5600132e+00   4.2852296e+00
  -1.7823110e+00  -6.6341008e-01
   2.1208596e+00   1.0382687e+00
   1.8969315e+00   1.1763352e+00
   6.8618057e-01   8.0212926e-01
   1.0768821e+00   1.6698578e+00
   2.4868920e-01   2.8908959e+00
  -1.9095516e+00  -2.5655550e+00
   1.5839598e-01  -1.8113742e+00
   2.4492284e+00   4.6411889e-02
  -1.7863718e+00   6.8325529e-01
   2.5119361e-01   2.9856461e+00
   2.2817095e-01  -5.9068946e-01
   8.8007097e-01   2.6779664e+00
   3.7566997e+00   5.7080875e+00
  -1.4020278e-02   2.3220586e+00
  -2.3123845e-02   3.4317153e+00
   2.3836844e+00   9.8563873e-02
   4.0065802e-01   2.0216332e+00
   2.3298458e-01   4.5754951e-01
   2.8420216e-01   3.6126248e+00
  -4.8364345e-01   2.0839499e+00
  -9.0239448e-01   1.5003782e+00
   6.2550943e-01   1.4512859e+00
   5.1297471e-01  -4.7001163e-01
   2.0509134e+00   2.0128686e+00
  -1.8889834e-01   2.8720389e+00
   8.9296565e-01   3.9010760e+00
   1.0199203e+00  -2.2216996e+00
  -7.8481887e-01  -4.7942936e-01
   1.3525579e+00  -1.2833163e+00
  -2.1782264e+00   6.0896688e-01
   2.5441886e+00   5.4902314e+00
  -9.9854286e-01  -1.2311877e+00
   6.1840583e-02   8.8569857e-01
  -1.2430344e+00   1.9990594e+00
   1.9936324e+00   2.8778782e+00
   9.5654897e-01   1.5564237e+00
  -1.0366801e+00   1.1252280e+00
   1.6298094e+00   1.5486458e+00
  -1.1390797e+00  -2.2258344e-01
   2.0709010e+00   1.8917853e+00
  -6.0567700e-01   1.1414987e+00
  -9.1123062e-01   2.8740578e+00
  -1.1101695e+00   1.6575999e+00
   4.5028070e-01   2.4514977e+00
   9.4073180e-01   1.8809554e-02
  -8.2344420e-01   2.6987836e-01
   2.1456407e+00  -2.4214837e+00
   4.1972558e-01  -9.4202813e-01
   7.3995442e-01   3.2453496e+00
   3.7707905e-01   3.1703589e+00
   1.9884555e-01  -5.9733946e-01
   9.7792582e-01   3.1498635e-01
  -1.2266936e-01   2.8990294e+00
  -4.9715480e-01  -7.3321070e-01
   1.3335744e+00   1.8005238e+00
   3.1976721e+00   4.0875007e+00
   2.2123096e-01   1.7066376e+00
  -9.8712669e-01  -1.8215965e+00
   1.2745773e+00   6.1428831e-01
   7.3292236e-02   2.6164755e+00
  -3.5959661e+00  -2.6808785e-01
  -1.5799412e+00  -4.1777266e+00
   2.0752359e+00   3.9588794e+00
   1.2505743e+00  -2.6874392e+00
  -1.5525989e+00   5.3642907e-01
  -2.3801239e-01  -1.5665861e+00
  -1.2715924e-01   4.4001146e+00
   1.3828582e+00   4.4657469e-01
  -1.6930308e+00  -1.1938674e+00
  -7.8055172e-01  -2.5491377e+00
   2.0377352e+00   5.4615021e-01
  -1.6061519e+00   2.4269781e+00
   1.3377214e+00   2.9461172e+00
  -8.2349448e-01   1.5678371e-01
  -1.8374590e+00   1.8981371e+00
  -1.8758281e+00   1.6242281e+00
   1.7139023e+00   1.8348545e+00
   2.8207141e+00   1.2042208e+00
   3.3704992e+00   2.1169777e+00
  -1.7311478e-01   2.3829761e-01
   1.0449599e+00   2.7799330e+00
  -5.2258545e-01  -1.5037618e+00
  -9.1004147e-02   1.6152598e+00
   1.4430225e+00   1.3045753e+00
  -1.8276045e+00   1.1863269e+00
  -1.7127361e+00  -1.1324442e+00
  -1.2795154e+00   6.5152708e-01
  -4.7436898e-01   1.1040038e+00
  -1.5426236e+00   3.6378299e-01
   1.0524036e+00   1.8634433e+00
   2.0130137e-01   2.0840574e+00
   3.4830743e+00   4.2520282e+00
   2.2113261e+00   1.3390847e+00
   6.9342026e-02   2.4050953e+00
  -8.9123403e-01   4.7250287e-01
   1.8730310e-01  -5.3134343e-01
   7.5989532e-01  -2.0920307e+00
  -8.4451962e-01  -7.7926754e-01
   1.0768664e+00   4.7963181e+00
   9.3421256e-02   1.6904584e+00
   8.2122098e-01   3.6446292e+00
   2.0488247e-01   1.0273235e+00
   2.3546663e-02   5.4735369e-01
   4.5409908e+00   1.5420915e+00
   2.1981211e+00   4.0308154e-01
  -1.8853808e-01   4.9375516e-01
   2.3521842e+00  -3.0267755e-01
   5.1175781e-01   3.5243397e-01
   2.2904674e+00   2.5736583e+00
   1.4457370e+00   3.2940348e+00
   3.0931707e-01   1.4815861e+00
  -1.4806900e+00  -2.9267524e-01
  -6.8350366e-01   1.3697002e+00
   8.5484980e-01   2.2279760e+00
   1.1486530e+00  -1.4618039e+00
  -7.9000292e-02  -3.8295833e-01
  -1.2134212e+00   2.9965060e+00
   1.9570855e+00   7.2915472e-01
   1.7867632e+00   2.3340491e+00
   8.1228821e-01   1.5036895e+00
  -1.1295539e+00  -1.6115452e+00
  -5.7977869e-01  -1.0548129e+00
  -2.3989753e+00  -7.0768062e-01
   2.4929530e+00  -1.6513015e+00
  -1.7490322e+00  -2.9405935e+00
   9.6207312e-01   3.3833893e+00
   2.0748155e-01  -7.4002949e-01
   8.4039475e-01   1.3613393e+00
   1.2873512e+00  -2.7636063e-01
   2.4601128e+00   2.8679926e+00
  -2.0064593e-02  -1.3135832e+00
  -5.6493421e-01   3.3142402e-01
  -5.2626774e-01   2.5286205e+00
   1.9115926e+00   3.5401876e+00
   2.7333134e+00   1.1777773e-01
   9.3384660e-01   2.8723845e+00
   1.1370013e+00   8.6164260e-01
   1.3433189e+00   1.2522818e+00
  -9.0067239e-01  -2.0174235e+00
   3.2930085e+00   1.2174374e+00
   3.1403462e-01   3.1791683e+00
  -5.8842422e-02   7.8278716e-01
   7.0511883e-01   6.1334797e-01
  -1.0190777e+00   6.8529477e-01
  -2.1019488e+00   6.2857953e-01
   1.2831564e+00  -2.0668993e-02
  -2.4034194e-01   1.1019124e+00
   1.2376413e+00  -5.7738120e-01
   1.5382730e-01   3.4419550e+00
  -8.1648826e-02   1.7043933e+00
  -2.2356971e-01   1.4086746e+00
  -4.2732231e-01  -2.9414625e-01
   1.8456655e+00   1.1363696e+00
  -3.6818039e-01  -3.5534253e-01
   1.1599870e+00   1.9109453e-01
   5.3760204e-01   4.3666129e+00
   1.9524531e+00  -1.3410659e+00
   1.6851782e+00   3.5951769e-01
   1.6219731e+00   2.8974314e+00
  -2.8948880e-01   2.8206712e-01
  -1.5060344e+00   1.4412704e+00
   1.1907907e-02  -6.7174641e-01
   1.2442232e+00   1.2277901e+00
  -2.2854658e+00  -1.0884276e+00
   6.0042722e-01  -1.8619818e+00
   8.7658111e-01   3.7577045e+00
  -1.9602026e-01  -9.9968115e-01
   1.7752166e+00   1.7025411e+00
  -7.8689124e-01  -1.8446081e-01
  -9.0837129e-01   5.2698960e-02
   1.5254505e+00   3.0979767e+00
   6.0520540e-01  -2.5662029e+00
   1.5448372e+00   2.4797924e+00
   3.5919088e-01   2.4683593e+00
   1.3646787e-01   1.4557083e+00
   1.2505425e+00   3.6107889e+00
   4.4536115e-01  -2.8208229e+00
   8.2672693e-01   5.0985987e-01
   1.5079711e-01  -7.1960890e-01
  -1.8858687e+00   1.4402617e+00
   4.0933460e+00   8.2910905e+00
  -1.5628213e+00  -6.0866121e-01
   3.0424435e+00   3.2239627e+00
   3.8907116e-01  -1.3712608e-01
  -1.6274444e-02   1.1501244e+00
   9.7278554e-01   1.0624519e+00
   2.7965683e+00   7.0137161e+00
   1.8065980e+00   2.8038143e+00
   2.4108803e+00   1.2497983e+00
   1.5151122e+00   7.9919747e-01
   1.6041588e+00  -1.1433128e+00
   3.8146227e+00   8.9021742e-01
  -1.1616168e+00  -3.1684382e-01
   5.7574443e-01   3.6087339e+00
  -8.7066466e-01   8.7264361e-01
  -1.0927790e-01   1.0866080e+00
   1.6156085e+00  -7.6985940e-02
   5.3335889e+00   4.8733508e+00
  -8.5063815e-01   1.8776198e+00
   9.1706665e-01  -2.3327365e+00
   2.0612999e+00   2.9609180e+00
  -4.4362658e-01   9.5399630e-01
